	  FSB/T586	23	1	  50.0	  11.0
	  FSB/T633	21	1	 171.0	  11.0
	  FSB/T634	22	1	  55.0	  11.0
	  FSB/T638	19	1	  58.0	  11.0
	  FSB/T642	20	1	  58.0	  11.0
	  FSB/T665	20	1	  80.0	  11.0
	  FSB/T690	20	1	  75.0	  11.0
	  FSB/T692	18	1	  75.0	  11.0
	  FSB/T694	18	1	 105.0	  11.0
	  FSB/T696	17	1	 155.0	  11.0
	  FSB/T711	19	1	  73.0	  11.0
	  FSB/T715	20	1	  80.0	  11.0
	  FSB/T736	22	1	  75.0	  11.0
	  FSB/T741	21	1	  83.0	  11.0
	  FSB/T741	21	1	  83.0	  11.0
	  FSB/T746	21	1	  80.0	  11.0
	  FSB/T756	22	1	  80.0	  11.0
	  FSB/T764	19	1	  88.0	  11.0
	  FSB/T765	21	1	  95.0	  11.0
	  FSB/T840	18	1	  30.0	  11.0
	  FSB/T850	18	1	 152.0	  11.0
	  FSB/T852	17	1	 140.0	  11.0
	  FSB/T857	20	1	 130.0	  11.0
	  FSB/T860	17	1	  98.0	  11.0
	  FSB/T862	16	1	 180.0	  11.0
	  FSB/T957	19	1	 130.0	  11.0
	  FSB/T960	21	1	  90.0	  11.0
	  FSE/T631	13	1	 101.0	  17.0
	  FSE/T647	12	1	 101.0	  17.0
	  FSE/T652	13	1	 126.0	  17.0
	  FSE/T666	6	1	 189.0	  18.0
	  FSE/T667	14	1	 128.0	  17.0
	  FSE/T668	3	1	 122.0	  18.0
	  FSE/T670	2	1	 120.0	  18.0
	  FSE/T674	4	1	 136.0	  18.0
	  FSE/T676	3	1	 114.0	  18.0
	  FSE/T678	2	1	 120.0	  18.0
	  FSE/T682	11	1	 192.0	  17.0
	  FSE/T698	16	1	 148.0	  17.0
	  FSE/T700	15	1	 165.0	  17.0
	  FSE/T747	8	1	 110.0	  17.0
	  FSE/T750	15	1	 106.0	  17.0
	  FSE/T753	12	1	 104.0	  17.0
	  FSE/T757	10	1	 182.0	  17.0
	  FSE/T762	9	1	 194.0	  17.0
	  FSE/T766	7	1	 134.0	  17.0
	  FSE/T768	4	1	 167.0	  18.0
	  FSE/T770	17	1	 148.0	  17.0
	  FSE/T771	8	1	 167.0	  17.0
	  FSE/T772	16	1	 122.0	  17.0
	  FSE/T774	11	1	 105.0	  17.0
	  FSE/T776	5	1	 145.0	  18.0
	  FSE/T781	9	1	 113.0	  17.0
	  FSE/T782	14	1	 156.0	  17.0
	  FSE/T783	12	1	 186.0	  17.0
	  FSE/T784	10	1	 120.0	  17.0
	  FSE/T784	10	1	 120.0	  17.0
	  FSE/T786	7	1	 172.0	  18.0
	  FSE/T788	5	1	 120.0	  18.0
	  FSE/T792	6	1	 184.0	  18.0
	  FSE/T854	16	1	 156.0	  17.0
	FSE/T856IB	15	1	 110.0	  17.0
	  FSE/T864	15	1	 105.0	  17.0
	  FSE/T866	14	1	 203.0	  17.0
	  FSE/T869	3	1	  23.0	  18.0
	  FSE/T870	8	1	  75.0	  17.0
	  FSE/T872	4	1	  30.0	  18.0
	  FSE/T874	2	1	 100.0	  18.0
	  FSE/T879	12	1	 100.0	  17.0
	  FSE/T881	10	1	  40.0	  17.0
	  FSE/T882	11	1	  40.0	  17.0
	  FSE/T882	11	1	  40.0	  17.0
	  FSE/T884	12	1	  40.0	  17.0
	  FSE/T887	6	1	  40.0	  18.0
	  FSE/T887	6	1	  40.0	  18.0
	  FSE/T888	5	1	  23.0	  18.0
	  FSE/T980	13	1	 120.0	  17.0
	  FSE/T981	9	1	  60.0	  17.0
	  FSE/T982	14	1	 156.0	  17.0
	  FSE/T986	7	1	  38.0	  18.0
	  FSE/T992	13	1	  98.0	  17.0
	 SYR/TB069	1	1	  75.0	  23.0
	 SYR/TD069	1	1	  65.0	  23.0
	 SYR/TF069	1	1	  65.0	  23.0

