
Repeat Step Test Result for scenario1-1.txt
Steps	1	10	20	30	40	50	60	70	80	90	100	110	120	
sns	3	3	3	3	3	2	3	3	3	2	2	3	2	
time	94	32	0	0	0	0	0	0	15	0	0	0	0	
costs	76.0	77.7	81.0	81.0	94.3	117.7	81.0	94.3	107.7	121.0	134.3	111.0	121.0	

Repeat Step Test Result for scenario1.txt
Steps	1	10	20	30	40	50	60	70	80	90	100	110	120	
sns	2	2	3	2	3	2	2	3	2	2	2	2	3	
time	375	47	16	16	0	0	16	0	0	0	0	0	0	
costs	140.0	144.3	147.7	151.0	161.0	167.7	161.0	187.7	161.0	181.0	167.7	184.3	201.0	

Repeat Step Test Result for scenario2.txt
Steps	1	10	20	30	40	50	60	70	80	90	100	110	120	
sns	3	4	4	5	6	5	4	5	5	3	3	3	3	
time	1002	1002	1002	829	94	109	47	31	32	15	16	15	0	
costs	353.8	343.5	346.0	196.0	201.0	213.5	211.0	246.0	201.0	226.0	226.0	248.5	241.0	

Repeat Step Test Result for scenario3.txt
Steps	1	10	20	30	40	50	60	70	80	90	100	110	120	
sns	1	1	2	1	1	1	1	2	1	0	1	0	2	
time	1001	1002	1002	1001	1002	1001	1002	1002	1002	1001	1002	1002	1002	
costs	537.8	544.3	554.3	561.0	567.7	551.0	581.0	619.3	614.3	46.0	567.7	37.7	581.0	

Repeat Step Test Result for scenario4.txt
Steps	1	10	20	30	40	50	60	70	80	90	100	110	120	
sns	1	1	1	1	1	1	1	1	1	1	1	1	1	
time	31	16	15	0	0	0	16	0	0	0	0	0	0	
costs	102.2	103.0	105.0	103.0	105.0	111.0	109.0	113.0	113.0	109.0	121.0	111.0	121.0	

Repeat Step Test Result for scenario5.txt
Steps	1	10	20	30	40	50	60	70	80	90	100	110	120	
sns	2	3	1	2	2	2	1	2	2	2	2	2	1	
time	1001	1001	1002	1001	1001	1002	1002	156	31	125	16	172	31	
costs	358.9	306.5	368.3	320.1	371.9	373.7	399.2	325.5	350.1	410.1	346.5	391.0	415.5	

Repeat Step Test Result for scenario6.txt
Steps	1	10	20	30	40	50	60	70	80	90	100	110	120	
sns	3	3	3	3	3	2	2	1	2	1	1	1	1	
time	1001	62	31	16	16	0	0	0	0	15	16	16	0	
costs	244.0	251.9	255.5	265.5	255.5	269.2	290.1	306.5	299.2	369.2	310.1	351.0	350.1	

Repeat Step Test Result for scenario7.txt
Steps	1	10	20	30	40	50	60	70	80	90	100	110	120	
sns	1	6	6	8	7	8	8	8	8	6	6	3	6	
time	1001	375	78	47	16	15	16	15	16	187	16	0	0	
costs	340.5	236.8	237.7	248.5	237.7	246.8	266.0	246.0	274.3	308.5	259.3	266.8	291.0	

Repeat Step Test Result for scenario8-2.txt
Steps	1	10	20	30	40	50	60	70	80	90	100	110	120	
sns	3	3	4	3	4	3	3	2	3	3	3	1	3	
time	1002	1002	1001	1002	219	173	407	172	63	32	31	15	47	
costs	113.7	116.0	121.0	128.5	121.0	146.8	181.0	193.5	161.0	166.0	176.0	175.2	211.0	

Repeat Step Test Result for scenario8.txt
Steps	1	10	20	30	40	50	60	70	80	90	100	110	120	
sns	2	2	2	2	5	2	6	3	3	3	2	1	2	
time	1002	1002	1001	1006	739	754	169	123	77	31	15	15	31	
costs	325.9	335.2	351.0	343.5	371.0	417.7	406.0	403.5	427.7	421.0	459.3	459.3	461.0	

Repeat Step Test Result for scenario9.txt
Steps	1	10	20	30	40	50	60	70	80	90	100	110	120	
sns	1	1	1	1	1	1	1	1	1	1	1	1	1	
time	369	46	0	0	0	15	0	0	0	0	0	16	0	
costs	101.7	104.3	107.7	111.0	121.0	117.7	121.0	141.0	161.0	121.0	134.3	147.7	161.0	

