	  BBH/T340	39	1	 137.0	  18.0
	  BBH/T350	38	1	 139.0	  18.0
	  BBH/T356	37	1	 158.0	  18.0
	  BBH/T368	36	1	 160.0	  18.0
	  BBH/T380	35	1	 115.0	  18.0
	  BBH/T384	34	1	 113.0	  18.0
	  BBH/T388	33	1	  78.0	  18.0
	  BBH/T404	32	1	 134.0	  18.0
	  BBH/T406	31	1	 141.0	  18.0
	  BBH/T420	30	1	 171.0	  18.0
	  BBH/T426	29	1	 136.0	  18.0
	  BBH/T430	28	1	  30.0	  18.0
	  BBH/T440	27	1	 125.0	  18.0
	  BBH/T446	26	1	 134.0	  18.0
	  BBH/T450	25	1	 160.0	  18.0
	  BBH/T494	17	1	 216.0	  18.0
	  BBH/T498	16	1	 116.0	  18.0
	  BBH/T500	15	1	 162.0	  18.0
	  BBH/T510	14	1	 172.0	  18.0
	  BBH/T901	24	1	 136.0	  18.0
	  BBH/T903	23	1	 160.0	  18.0
	  BBH/T905	22	1	  77.0	  18.0
	  BBH/T907	21	1	  89.0	  18.0
	  BBH/T911	20	1	   2.0	  18.0
	  BBH/T911	20	1	   2.0	  18.0
	  BBH/T913	19	1	 108.0	  18.0
	  BBH/T915	18	1	 185.0	  18.0
	  FSB/T857	80	1	 130.0	  11.0
	  FSB/T859	78	1	 158.0	  11.0
	  FSB/T861	76	1	 195.0	  11.0
	  FSB/T957	79	1	 130.0	  11.0
	  FSB/T959	77	1	  98.0	  11.0
	  FSB/T960	81	1	  90.0	  11.0
	  FSB/T964	82	1	 158.0	  11.0
	FSE/T863IB	75	1	  98.0	  17.0
	  FSE/T865	74	1	 113.0	  17.0
	  FSE/T871	70	1	  30.0	  18.0
	  FSE/T883	73	1	  40.0	  17.0
	  FSE/T883	73	1	  40.0	  17.0
	  FSE/T895	68	1	  30.0	  18.0
	  FSE/T983	72	1	  45.0	  17.0
	  FSE/T985	71	1	  68.0	  17.0
	  FSE/T987	67	1	  38.0	  18.0
	  FSE/T995	69	1	  60.0	  18.0
	  SHM/T526	13	1	 400.0	  19.0
	  SHM/T532	12	1	 215.0	  19.0
	  SHM/T542	11	1	 255.0	  19.0
	  SHM/T544	10	1	  90.0	  19.0
	  SHM/T550	9	1	 150.0	  19.0
	  SHM/T808	5	1	  66.0	  19.0
	  SHM/T813	4	1	  81.0	  19.0
	  SHM/T815	1	1	  61.0	  19.0
	  SHM/T815	1	1	  61.0	  19.0
	  SHM/T816	7	1	 200.0	  19.0
	  SHM/T916	6	1	  80.0	  19.0
	  SHM/T917	8	1	 300.0	  19.0
	  SHM/T918	3	1	  66.0	  19.0
	  SHM/T920	2	1	  20.0	  19.0
	  SYR/T078	65	1	 225.0	  23.0
	  SYR/T142	60	1	 525.0	  20.0
	  SYR/T158	59	1	 500.0	  20.0
	  SYR/T174	57	1	 150.0	  20.0
	  SYR/T180	56	1	 200.0	  20.0
	  SYR/T188	55	1	 250.0	  20.0
	  SYR/T190	54	1	  50.0	  20.0
	  SYR/T192	53	1	 200.0	  20.0
	  SYR/T200	52	1	 175.0	  20.0
	  SYR/T210	51	1	 350.0	  20.0
	  SYR/T222	50	1	 350.0	  20.0
	  SYR/T234	49	1	 350.0	  20.0
	  SYR/T246	48	1	 375.0	  20.0
	  SYR/T258	47	1	 400.0	  20.0
	  SYR/T270	46	1	 375.0	  20.0
	  SYR/T274	45	1	 175.0	  20.0
	  SYR/T286	44	1	 375.0	  20.0
	  SYR/T292	43	1	 200.0	  20.0
	  SYR/T306	42	1	 475.0	  20.0
	  SYR/T318	41	1	 280.0	  20.0
	  SYR/T330	40	1	 108.0	  20.0
	 SYR/TB072	66	1	 200.0	  23.0
	 SYR/TB088	64	1	 300.0	  23.0
	 SYR/TB100	63	1	 350.0	  23.0
	 SYR/TB114	62	1	 450.0	  23.0
	 SYR/TB124	61	1	  75.0	  23.0
	 SYR/TB170	58	1	 375.0	  20.0

