	  BBH/T341	38	1	 137.0	  18.0
	  BBH/T355	37	1	 137.0	  18.0
	  BBH/T357	36	1	 158.0	  18.0
	  BBH/T363	35	1	 183.0	  18.0
	  BBH/T369	34	1	 115.0	  18.0
	  BBH/T383	33	1	 105.0	  18.0
	  BBH/T387	32	1	 179.0	  18.0
	  BBH/T389	31	1	 123.0	  18.0
	  BBH/T395	30	1	 160.0	  18.0
	  BBH/T401	29	1	 193.0	  18.0
	  BBH/T407	28	1	 142.0	  18.0
	  BBH/T417	27	1	 108.0	  18.0
	  BBH/T419	26	1	 147.0	  18.0
	  BBH/T423	25	1	 147.0	  18.0
	  BBH/T427	24	1	  25.0	  18.0
	  BBH/T429	23	1	 133.0	  18.0
	  BBH/T439	22	1	 103.0	  18.0
	  BBH/T447	21	1	 160.0	  18.0
	  BBH/T477	16	1	 174.0	  18.0
	  BBH/T497	15	1	 180.0	  18.0
	  BBH/T499	14	1	 158.0	  18.0
	  BBH/T902	20	1	 120.0	  18.0
	  BBH/T904	19	1	 137.0	  18.0
	  BBH/T904	19	1	 137.0	  18.0
	  BBH/T906	18	1	 118.0	  18.0
	  BBH/T908	17	1	  40.0	  18.0
	  FSB/T586	96	1	  50.0	  11.0
	  FSB/T633	94	1	 171.0	  11.0
	  FSB/T634	95	1	  55.0	  11.0
	  FSB/T638	91	1	  58.0	  11.0
	  FSB/T642	92	1	  58.0	  11.0
	  FSB/T665	89	1	  80.0	  11.0
	  FSB/T690	93	1	  75.0	  11.0
	  FSB/T692	91	1	  75.0	  11.0
	  FSB/T694	90	1	 105.0	  11.0
	  FSB/T696	89	1	 155.0	  11.0
	  FSB/T711	88	1	  73.0	  11.0
	  FSB/T715	89	1	  80.0	  11.0
	  FSB/T736	94	1	  75.0	  11.0
	  FSB/T741	93	1	  83.0	  11.0
	  FSB/T741	93	1	  83.0	  11.0
	  FSB/T746	90	1	  80.0	  11.0
	  FSB/T756	91	1	  80.0	  11.0
	  FSB/T764	92	1	  88.0	  11.0
	  FSB/T765	90	1	  95.0	  11.0
	  FSB/T840	87	1	  30.0	  11.0
	  FSB/T850	87	1	 152.0	  11.0
	  FSB/T852	86	1	 140.0	  11.0
	  FSB/T857	89	1	 130.0	  11.0
	  FSB/T860	86	1	  98.0	  11.0
	  FSB/T862	85	1	 180.0	  11.0
	  FSB/T957	88	1	 130.0	  11.0
	  FSB/T960	90	1	  90.0	  11.0
	  FSE/T626	85	1	 122.0	  17.0
	  FSE/T631	85	1	 101.0	  17.0
	  FSE/T647	84	1	 101.0	  17.0
	  FSE/T652	86	1	 126.0	  17.0
	  FSE/T667	87	1	 128.0	  17.0
	  FSE/T682	83	1	 192.0	  17.0
	  FSE/T698	88	1	 148.0	  17.0
	  FSE/T700	87	1	 165.0	  17.0
	  FSE/T747	80	1	 110.0	  17.0
	  FSE/T750	88	1	 106.0	  17.0
	  FSE/T770	90	1	 148.0	  17.0
	  FSE/T772	89	1	 122.0	  17.0
	  FSE/T781	81	1	 113.0	  17.0
	  FSE/T782	86	1	 156.0	  17.0
	  FSE/T784	82	1	 120.0	  17.0
	  FSE/T784	82	1	 120.0	  17.0
	  FSE/T786	79	1	 172.0	  18.0
	  FSE/T788	77	1	 120.0	  18.0
	  FSE/T789	76	1	 186.0	  18.0
	  FSE/T789	76	1	 186.0	  18.0
	  FSE/T792	78	1	 184.0	  18.0
	  FSE/T854	85	1	 156.0	  17.0
	FSE/T856IB	84	1	 110.0	  17.0
	  FSE/T864	84	1	 105.0	  17.0
	  FSE/T866	83	1	 203.0	  17.0
	  FSE/T869	72	1	  23.0	  18.0
	  FSE/T870	77	1	  75.0	  17.0
	  FSE/T872	73	1	  30.0	  18.0
	  FSE/T874	71	1	 100.0	  18.0
	  FSE/T879	81	1	 100.0	  17.0
	  FSE/T881	79	1	  40.0	  17.0
	  FSE/T882	80	1	  40.0	  17.0
	  FSE/T882	80	1	  40.0	  17.0
	  FSE/T884	81	1	  40.0	  17.0
	  FSE/T887	75	1	  40.0	  18.0
	  FSE/T887	75	1	  40.0	  18.0
	  FSE/T888	74	1	  23.0	  18.0
	  FSE/T980	82	1	 120.0	  17.0
	  FSE/T981	78	1	  60.0	  17.0
	  FSE/T982	83	1	 156.0	  17.0
	  FSE/T986	76	1	  38.0	  18.0
	  FSE/T992	82	1	  98.0	  17.0
	  SHM/T318	1	1	 130.0	  19.0
	  SHM/T320	1	1	 210.0	  19.0
	  SHM/T515	13	1	 360.0	  19.0
	  SHM/T531	12	1	 150.0	  19.0
	  SHM/T533	11	1	  30.0	  19.0
	  SHM/T537	10	1	 330.0	  19.0
	  SHM/T545	9	1	 160.0	  19.0
	  SHM/T549	8	1	 230.0	  19.0
	  SHM/T806	1	1	 150.0	  19.0
	  SHM/T808	4	1	  66.0	  19.0
	  SHM/T813	6	1	  81.0	  19.0
	  SHM/T815	2	1	  61.0	  19.0
	  SHM/T815	2	1	  61.0	  19.0
	  SHM/T815	2	1	  61.0	  19.0
	  SHM/T905	7	1	 300.0	  19.0
	  SHM/T906	2	1	  60.0	  19.0
	  SHM/T908	3	1	  20.0	  19.0
	  SHM/T918	5	1	  66.0	  19.0
	  SHM/T920	3	1	  20.0	  19.0
	  SYR/T141	61	1	 325.0	  20.0
	  SYR/T151	60	1	 175.0	  20.0
	  SYR/T157	59	1	 350.0	  20.0
	  SYR/T167	58	1	  25.0	  20.0
	  SYR/T169	57	1	 150.0	  20.0
	  SYR/T173	56	1	 100.0	  20.0
	  SYR/T175	55	1	 350.0	  20.0
	  SYR/T187	54	1	  75.0	  20.0
	  SYR/T189	53	1	 400.0	  20.0
	  SYR/T199	52	1	 350.0	  20.0
	  SYR/T211	51	1	 675.0	  20.0
	  SYR/T233	50	1	 425.0	  20.0
	  SYR/T247	49	1	 150.0	  20.0
	  SYR/T251	48	1	 350.0	  20.0
	  SYR/T263	47	1	 225.0	  20.0
	  SYR/T269	46	1	 200.0	  20.0
	  SYR/T275	45	1	  50.0	  20.0
	  SYR/T277	44	1	 325.0	  20.0
	  SYR/T285	43	1	 325.0	  20.0
	  SYR/T295	42	1	 160.0	  20.0
	  SYR/T307	41	1	 120.0	  20.0
	  SYR/T313	40	1	  96.0	  20.0
	  SYR/T323	39	1	 100.0	  20.0
	 SYR/TB069	70	1	  75.0	  23.0
	 SYR/TB071	69	1	 125.0	  23.0
	 SYR/TB073	68	1	 200.0	  23.0
	 SYR/TB081	67	1	 300.0	  23.0
	 SYR/TB091	66	1	 300.0	  23.0
	 SYR/TB099	65	1	 250.0	  23.0
	 SYR/TB107	64	1	 325.0	  23.0
	 SYR/TB117	63	1	 425.0	  23.0
	 SYR/TB131	62	1	 350.0	  23.0

