	  BBH/T340	40	1	 137.0	  18.0
	  BBH/T341	37	1	 137.0	  18.0
	  BBH/T350	39	1	 139.0	  18.0
	  BBH/T355	36	1	 137.0	  18.0
	  BBH/T356	38	1	 158.0	  18.0
	  BBH/T357	35	1	 158.0	  18.0
	  BBH/T363	34	1	 183.0	  18.0
	  BBH/T368	37	1	 160.0	  18.0
	  BBH/T369	33	1	 115.0	  18.0
	  BBH/T380	36	1	 115.0	  18.0
	  BBH/T383	32	1	 105.0	  18.0
	  BBH/T384	35	1	 113.0	  18.0
	  BBH/T387	31	1	 179.0	  18.0
	  BBH/T388	34	1	  78.0	  18.0
	  BBH/T389	30	1	 123.0	  18.0
	  BBH/T395	29	1	 160.0	  18.0
	  BBH/T401	28	1	 193.0	  18.0
	  BBH/T404	33	1	 134.0	  18.0
	  BBH/T406	32	1	 141.0	  18.0
	  BBH/T407	27	1	 142.0	  18.0
	  BBH/T417	26	1	 108.0	  18.0
	  BBH/T419	25	1	 147.0	  18.0
	  BBH/T420	31	1	 171.0	  18.0
	  BBH/T423	24	1	 147.0	  18.0
	  BBH/T426	30	1	 136.0	  18.0
	  BBH/T427	23	1	  25.0	  18.0
	  BBH/T429	22	1	 133.0	  18.0
	  BBH/T430	29	1	  30.0	  18.0
	  BBH/T439	21	1	 103.0	  18.0
	  BBH/T440	28	1	 125.0	  18.0
	  BBH/T446	27	1	 134.0	  18.0
	  BBH/T447	20	1	 160.0	  18.0
	  BBH/T450	26	1	 160.0	  18.0
	  BBH/T477	15	1	 174.0	  18.0
	  BBH/T494	18	1	 216.0	  18.0
	  BBH/T497	14	1	 180.0	  18.0
	  BBH/T498	17	1	 116.0	  18.0
	  BBH/T499	13	1	 158.0	  18.0
	  BBH/T500	16	1	 162.0	  18.0
	  BBH/T510	15	1	 172.0	  18.0
	  BBH/T901	25	1	 136.0	  18.0
	  BBH/T902	19	1	 120.0	  18.0
	  BBH/T903	24	1	 160.0	  18.0
	  BBH/T904	18	1	 137.0	  18.0
	  BBH/T904	18	1	 137.0	  18.0
	  BBH/T905	23	1	  77.0	  18.0
	  BBH/T906	17	1	 118.0	  18.0
	  BBH/T907	22	1	  89.0	  18.0
	  BBH/T908	16	1	  40.0	  18.0
	  BBH/T911	21	1	   2.0	  18.0
	  BBH/T911	21	1	   2.0	  18.0
	  BBH/T913	20	1	 108.0	  18.0
	  BBH/T915	19	1	 185.0	  18.0
	  FSB/T840	86	1	  30.0	  11.0
	  FSB/T857	88	1	 130.0	  11.0
	  FSB/T859	79	1	 158.0	  11.0
	  FSB/T860	85	1	  98.0	  11.0
	  FSB/T861	77	1	 195.0	  11.0
	  FSB/T862	84	1	 180.0	  11.0
	  FSB/T957	87	1	 130.0	  11.0
	  FSB/T959	78	1	  98.0	  11.0
	  FSB/T960	89	1	  90.0	  11.0
	  FSB/T964	90	1	 158.0	  11.0
	FSE/T863IB	76	1	  98.0	  17.0
	  FSE/T864	83	1	 105.0	  17.0
	  FSE/T865	75	1	 113.0	  17.0
	  FSE/T866	82	1	 203.0	  17.0
	  FSE/T869	71	1	  23.0	  18.0
	  FSE/T870	76	1	  75.0	  17.0
	  FSE/T871	71	1	  30.0	  18.0
	  FSE/T872	72	1	  30.0	  18.0
	  FSE/T874	70	1	 100.0	  18.0
	  FSE/T881	78	1	  40.0	  17.0
	  FSE/T882	79	1	  40.0	  17.0
	  FSE/T882	79	1	  40.0	  17.0
	  FSE/T883	74	1	  40.0	  17.0
	  FSE/T883	74	1	  40.0	  17.0
	  FSE/T884	80	1	  40.0	  17.0
	  FSE/T887	74	1	  40.0	  18.0
	  FSE/T887	74	1	  40.0	  18.0
	  FSE/T888	73	1	  23.0	  18.0
	  FSE/T895	69	1	  30.0	  18.0
	  FSE/T981	77	1	  60.0	  17.0
	  FSE/T983	73	1	  45.0	  17.0
	  FSE/T985	72	1	  68.0	  17.0
	  FSE/T986	75	1	  38.0	  18.0
	  FSE/T987	68	1	  38.0	  18.0
	  FSE/T992	81	1	  98.0	  17.0
	  FSE/T995	70	1	  60.0	  18.0
	  SHM/T320	1	1	 210.0	  19.0
	  SHM/T515	12	1	 360.0	  19.0
	  SHM/T526	14	1	 400.0	  19.0
	  SHM/T531	11	1	 150.0	  19.0
	  SHM/T532	13	1	 215.0	  19.0
	  SHM/T533	10	1	  30.0	  19.0
	  SHM/T537	9	1	 330.0	  19.0
	  SHM/T542	12	1	 255.0	  19.0
	  SHM/T544	11	1	  90.0	  19.0
	  SHM/T545	8	1	 160.0	  19.0
	  SHM/T549	7	1	 230.0	  19.0
	  SHM/T550	10	1	 150.0	  19.0
	  SHM/T808	6	1	  66.0	  19.0
	  SHM/T813	5	1	  81.0	  19.0
	  SHM/T815	2	1	  61.0	  19.0
	  SHM/T815	2	1	  61.0	  19.0
	  SHM/T816	8	1	 200.0	  19.0
	  SHM/T905	6	1	 300.0	  19.0
	  SHM/T916	7	1	  80.0	  19.0
	  SHM/T917	9	1	 300.0	  19.0
	  SHM/T918	4	1	  66.0	  19.0
	  SHM/T920	3	1	  20.0	  19.0
	  SYR/T078	66	1	 225.0	  23.0
	  SYR/T141	60	1	 325.0	  20.0
	  SYR/T142	61	1	 525.0	  20.0
	  SYR/T151	59	1	 175.0	  20.0
	  SYR/T157	58	1	 350.0	  20.0
	  SYR/T158	60	1	 500.0	  20.0
	  SYR/T167	57	1	  25.0	  20.0
	  SYR/T169	56	1	 150.0	  20.0
	  SYR/T173	55	1	 100.0	  20.0
	  SYR/T174	58	1	 150.0	  20.0
	  SYR/T175	54	1	 350.0	  20.0
	  SYR/T180	57	1	 200.0	  20.0
	  SYR/T187	53	1	  75.0	  20.0
	  SYR/T188	56	1	 250.0	  20.0
	  SYR/T189	52	1	 400.0	  20.0
	  SYR/T190	55	1	  50.0	  20.0
	  SYR/T192	54	1	 200.0	  20.0
	  SYR/T199	51	1	 350.0	  20.0
	  SYR/T200	53	1	 175.0	  20.0
	  SYR/T210	52	1	 350.0	  20.0
	  SYR/T211	50	1	 675.0	  20.0
	  SYR/T222	51	1	 350.0	  20.0
	  SYR/T233	49	1	 425.0	  20.0
	  SYR/T234	50	1	 350.0	  20.0
	  SYR/T246	49	1	 375.0	  20.0
	  SYR/T247	48	1	 150.0	  20.0
	  SYR/T251	47	1	 350.0	  20.0
	  SYR/T258	48	1	 400.0	  20.0
	  SYR/T263	46	1	 225.0	  20.0
	  SYR/T269	45	1	 200.0	  20.0
	  SYR/T270	47	1	 375.0	  20.0
	  SYR/T274	46	1	 175.0	  20.0
	  SYR/T275	44	1	  50.0	  20.0
	  SYR/T277	43	1	 325.0	  20.0
	  SYR/T285	42	1	 325.0	  20.0
	  SYR/T286	45	1	 375.0	  20.0
	  SYR/T292	44	1	 200.0	  20.0
	  SYR/T295	41	1	 160.0	  20.0
	  SYR/T306	43	1	 475.0	  20.0
	  SYR/T307	40	1	 120.0	  20.0
	  SYR/T313	39	1	  96.0	  20.0
	  SYR/T318	42	1	 280.0	  20.0
	  SYR/T323	38	1	 100.0	  20.0
	  SYR/T330	41	1	 108.0	  20.0
	 SYR/TB069	69	1	  75.0	  23.0
	 SYR/TB071	68	1	 125.0	  23.0
	 SYR/TB072	67	1	 200.0	  23.0
	 SYR/TB073	67	1	 200.0	  23.0
	 SYR/TB081	66	1	 300.0	  23.0
	 SYR/TB088	65	1	 300.0	  23.0
	 SYR/TB091	65	1	 300.0	  23.0
	 SYR/TB099	64	1	 250.0	  23.0
	 SYR/TB100	64	1	 350.0	  23.0
	 SYR/TB107	63	1	 325.0	  23.0
	 SYR/TB114	63	1	 450.0	  23.0
	 SYR/TB117	62	1	 425.0	  23.0
	 SYR/TB124	62	1	  75.0	  23.0
	 SYR/TB131	61	1	 350.0	  23.0
	 SYR/TB170	59	1	 375.0	  20.0

