	  FSB/T840	21	1	  61.0	   4.0
	  FSB/T857	23	1	  46.0	  11.0
	  FSB/T859	9	1	 139.0	   4.0
	  FSB/T860	20	1	  92.0	   4.0
	  FSB/T861	7	1	 199.0	   4.0
	  FSB/T862	19	1	 186.0	   4.0
	  FSB/T957	22	1	  90.0	   4.0
	  FSB/T959	8	1	 118.0	   4.0
	  FSB/T960	24	1	 100.0	   4.0
	  FSB/T964	25	1	 156.0	   4.0
	  FSE/T639	2	1	  42.0	   4.0
	  FSE/T639	2	1	  42.0	   4.0
	  FSE/T666	6	1	 123.0	   4.0
	  FSE/T668	3	1	 157.0	   4.0
	  FSE/T670	2	1	 102.0	   4.0
	  FSE/T671	11	1	  70.0	   4.0
	  FSE/T681	13	1	  31.0	   4.0
	  FSE/T757	10	1	  64.0	   4.0
	  FSE/T762	9	1	 123.0	   4.0
	  FSE/T766	7	1	  75.0	   4.0
	  FSE/T768	4	1	 126.0	   4.0
	  FSE/T771	8	1	  87.0	   4.0
	  FSE/T776	5	1	  98.0	   4.0
	  FSE/T784	12	1	  37.0	   4.0
	  FSE/T784	12	1	  37.0	   4.0
	  FSE/T785	1	1	  96.0	   4.0
	FSE/T863IB	6	1	  97.0	   4.0
	  FSE/T864	18	1	 108.0	   4.0
	  FSE/T865	5	1	 175.0	   4.0
	  FSE/T866	17	1	 191.0	   4.0
	  FSE/T881	3	1	  48.0	   4.0
	  FSE/T882	14	1	  33.0	   4.0
	  FSE/T882	14	1	  33.0	   4.0
	  FSE/T883	4	1	  45.0	   4.0
	  FSE/T883	4	1	  45.0	   4.0
	  FSE/T884	15	1	  76.0	   4.0
	  FSE/T992	16	1	  97.0	   4.0
	 SYR/TD069	1	1	  63.0	   4.0

