	  FSB/T586	27	1	  50.0	  11.0
	  FSB/T634	26	1	  55.0	  11.0
	  FSB/T638	22	1	  58.0	  11.0
	  FSB/T641	24	1	  33.0	  11.0
	  FSB/T642	23	1	  58.0	  11.0
	  FSB/T694	21	1	 105.0	  11.0
	  FSB/T696	20	1	 155.0	  11.0
	  FSB/T735	25	1	  55.0	  11.0
	  FSE/T631	16	1	 101.0	  17.0
	  FSE/T647	15	1	 101.0	  17.0
	  FSE/T682	14	1	 192.0	  17.0
	  FSE/T698	19	1	 148.0	  17.0
	  FSE/T700	18	1	 165.0	  17.0
	  FSE/T747	11	1	 110.0	  17.0
	  FSE/T781	12	1	 113.0	  17.0
	  FSE/T782	17	1	 156.0	  17.0
	  FSE/T784	13	1	 120.0	  17.0
	  FSE/T784	13	1	 120.0	  17.0
	  FSE/T786	10	1	 172.0	  18.0
	  FSE/T788	8	1	 120.0	  18.0
	  FSE/T789	7	1	 186.0	  18.0
	  FSE/T789	7	1	 186.0	  18.0
	  FSE/T792	9	1	 184.0	  18.0
	  FSE/T869	3	1	  23.0	  18.0
	  FSE/T872	4	1	  30.0	  18.0
	  FSE/T874	2	1	 100.0	  18.0
	  FSE/T887	6	1	  40.0	  18.0
	  FSE/T887	6	1	  40.0	  18.0
	  FSE/T888	5	1	  23.0	  18.0
	 SYR/TB069	1	1	  75.0	  23.0

