	  FSB/T586	27	1	  50.0	  11.0
	  FSB/T619	20	1	 120.0	  11.0
	  FSB/T634	26	1	  55.0	  11.0
	  FSB/T638	22	1	  58.0	  11.0
	  FSB/T641	24	1	  33.0	  11.0
	  FSB/T642	23	1	  58.0	  11.0
	  FSB/T643	22	1	  55.0	  11.0
	  FSB/T665	23	1	  80.0	  11.0
	  FSB/T689	19	1	 105.0	  11.0
	  FSB/T691	17	1	 122.0	  11.0
	  FSB/T694	21	1	 105.0	  11.0
	  FSB/T695	18	1	 136.0	  11.0
	  FSB/T696	20	1	 155.0	  11.0
	  FSB/T711	22	1	  73.0	  11.0
	  FSB/T715	23	1	  80.0	  11.0
	  FSB/T735	25	1	  55.0	  11.0
	  FSB/T736	25	1	  75.0	  11.0
	  FSB/T737	20	1	  80.0	  11.0
	  FSB/T739	18	1	  90.0	  11.0
	  FSB/T741	24	1	  83.0	  11.0
	  FSB/T741	24	1	  83.0	  11.0
	  FSB/T743	21	1	  58.0	  11.0
	  FSB/T745	19	1	  83.0	  11.0
	  FSB/T746	24	1	  80.0	  11.0
	  FSB/T756	25	1	  80.0	  11.0
	  FSB/T765	24	1	  95.0	  11.0
	  FSB/T840	22	1	  30.0	  11.0
	  FSB/T850	21	1	 152.0	  11.0
	  FSB/T852	20	1	 140.0	  11.0
	  FSB/T857	24	1	 130.0	  11.0
	  FSB/T859	12	1	 158.0	  11.0
	  FSB/T860	21	1	  98.0	  11.0
	  FSB/T861	10	1	 195.0	  11.0
	  FSB/T862	20	1	 180.0	  11.0
	  FSB/T957	23	1	 130.0	  11.0
	  FSB/T959	11	1	  98.0	  11.0
	  FSB/T960	25	1	  90.0	  11.0
	  FSB/T964	26	1	 158.0	  11.0
	  FSE/T610	15	1	 163.0	  17.0
	  FSE/T616	13	1	 162.0	  17.0
	  FSE/T626	12	1	 176.0	  17.0
	  FSE/T631	16	1	 101.0	  17.0
	  FSE/T639	12	1	 127.0	  17.0
	  FSE/T639	12	1	 127.0	  17.0
	  FSE/T647	15	1	 101.0	  17.0
	  FSE/T656	5	1	 178.0	  17.0
	  FSE/T658	4	1	 170.0	  18.0
	  FSE/T660	2	1	 133.0	  18.0
	  FSE/T661	10	1	 170.0	  17.0
	  FSE/T663	2	1	 134.0	  18.0
	  FSE/T666	6	1	 189.0	  18.0
	  FSE/T668	3	1	 122.0	  18.0
	  FSE/T669	1	1	 109.0	  18.0
	  FSE/T670	2	1	 120.0	  18.0
	  FSE/T671	11	1	 119.0	  17.0
	  FSE/T671	11	1	 119.0	  17.0
	  FSE/T673	14	1	 176.0	  17.0
	  FSE/T674	4	1	 136.0	  18.0
	  FSE/T675	8	1	 102.0	  17.0
	  FSE/T676	3	1	 114.0	  18.0
	  FSE/T677	9	1	 193.0	  18.0
	  FSE/T678	2	1	 120.0	  18.0
	  FSE/T679	1	1	 185.0	  18.0
	  FSE/T681	14	1	 180.0	  17.0
	  FSE/T681	14	1	 180.0	  17.0
	  FSE/T681	14	1	 180.0	  17.0
	  FSE/T682	14	1	 192.0	  17.0
	  FSE/T693	16	1	 100.0	  17.0
	  FSE/T697	17	1	 164.0	  17.0
	  FSE/T698	19	1	 148.0	  17.0
	  FSE/T699	16	1	 172.0	  17.0
	  FSE/T700	18	1	 165.0	  17.0
	  FSE/T747	11	1	 110.0	  17.0
	  FSE/T757	10	1	 182.0	  17.0
	  FSE/T762	9	1	 194.0	  17.0
	  FSE/T766	7	1	 134.0	  17.0
	  FSE/T767	7	1	 145.0	  17.0
	  FSE/T768	4	1	 167.0	  18.0
	  FSE/T769	8	1	 119.0	  18.0
	  FSE/T771	8	1	 167.0	  17.0
	  FSE/T775	6	1	 182.0	  17.0
	  FSE/T776	5	1	 145.0	  18.0
	  FSE/T777	3	1	 155.0	  18.0
	  FSE/T781	12	1	 113.0	  17.0
	  FSE/T782	17	1	 156.0	  17.0
	  FSE/T783	15	1	 186.0	  17.0
	  FSE/T783	15	1	 186.0	  17.0
	  FSE/T783	15	1	 186.0	  17.0
	  FSE/T784	13	1	 120.0	  17.0
	  FSE/T784	13	1	 120.0	  17.0
	  FSE/T785	11	1	 196.0	  17.0
	  FSE/T786	10	1	 172.0	  18.0
	  FSE/T787	3	1	 155.0	  18.0
	  FSE/T788	8	1	 120.0	  18.0
	  FSE/T789	7	1	 186.0	  18.0
	  FSE/T789	7	1	 186.0	  18.0
	  FSE/T792	9	1	 184.0	  18.0
	  FSE/T854	19	1	 156.0	  17.0
	FSE/T856IB	18	1	 110.0	  17.0
	FSE/T863IB	9	1	  98.0	  17.0
	  FSE/T864	19	1	 105.0	  17.0
	  FSE/T865	8	1	 113.0	  17.0
	  FSE/T866	18	1	 203.0	  17.0
	  FSE/T869	3	1	  23.0	  18.0
	  FSE/T871	4	1	  30.0	  18.0
	  FSE/T872	4	1	  30.0	  18.0
	  FSE/T874	2	1	 100.0	  18.0
	  FSE/T882	15	1	  40.0	  17.0
	  FSE/T882	15	1	  40.0	  17.0
	  FSE/T883	7	1	  40.0	  17.0
	  FSE/T883	7	1	  40.0	  17.0
	  FSE/T884	16	1	  40.0	  17.0
	  FSE/T887	6	1	  40.0	  18.0
	  FSE/T887	6	1	  40.0	  18.0
	  FSE/T888	5	1	  23.0	  18.0
	  FSE/T895	2	1	  30.0	  18.0
	  FSE/T980	16	1	 120.0	  17.0
	  FSE/T982	17	1	 156.0	  17.0
	  FSE/T983	6	1	  45.0	  17.0
	  FSE/T985	5	1	  68.0	  17.0
	  FSE/T987	1	1	  38.0	  18.0
	  FSE/T992	17	1	  98.0	  17.0
	  FSE/T995	3	1	  60.0	  18.0
	 SYR/TB069	1	1	  75.0	  23.0
	 SYR/TD069	1	1	  65.0	  23.0
	 SYR/TF069	1	1	  65.0	  23.0

