	  FSB/T586	24	1	  50.0	  11.0
	  FSB/T619	17	1	 120.0	  11.0
	  FSB/T634	23	1	  55.0	  11.0
	  FSB/T638	19	1	  58.0	  11.0
	  FSB/T641	21	1	  33.0	  11.0
	  FSB/T642	20	1	  58.0	  11.0
	  FSB/T695	15	1	 136.0	  11.0
	  FSB/T735	22	1	  55.0	  11.0
	  FSB/T736	24	1	  75.0	  11.0
	  FSB/T741	23	1	  83.0	  11.0
	  FSB/T741	23	1	  83.0	  11.0
	  FSB/T743	18	1	  58.0	  11.0
	  FSB/T745	16	1	  83.0	  11.0
	  FSB/T857	19	1	 130.0	  11.0
	  FSB/T859	17	1	 158.0	  11.0
	  FSB/T861	15	1	 195.0	  11.0
	  FSB/T957	18	1	 130.0	  11.0
	  FSB/T959	16	1	  98.0	  11.0
	  FSB/T960	20	1	  90.0	  11.0
	  FSB/T964	21	1	 158.0	  11.0
	  FSE/T639	10	1	 127.0	  17.0
	  FSE/T639	10	1	 127.0	  17.0
	  FSE/T656	5	1	 178.0	  17.0
	  FSE/T658	4	1	 170.0	  18.0
	  FSE/T660	2	1	 133.0	  18.0
	  FSE/T661	7	1	 170.0	  17.0
	  FSE/T663	2	1	 134.0	  18.0
	  FSE/T669	1	1	 109.0	  18.0
	  FSE/T675	8	1	 102.0	  17.0
	  FSE/T677	6	1	 193.0	  18.0
	  FSE/T679	1	1	 185.0	  18.0
	  FSE/T681	11	1	 120.0	  17.0
	  FSE/T681	11	1	 120.0	  17.0
	  FSE/T697	14	1	 164.0	  17.0
	  FSE/T699	13	1	 172.0	  17.0
	  FSE/T767	7	1	 145.0	  17.0
	  FSE/T769	5	1	 119.0	  18.0
	  FSE/T775	6	1	 182.0	  17.0
	  FSE/T777	3	1	 155.0	  18.0
	  FSE/T781	9	1	 173.0	  17.0
	  FSE/T783	12	1	 118.0	  17.0
	  FSE/T783	12	1	 118.0	  17.0
	  FSE/T785	8	1	 196.0	  17.0
	  FSE/T787	3	1	 155.0	  18.0
	  FSE/T789	4	1	 186.0	  18.0
	  FSE/T789	4	1	 186.0	  18.0
	FSE/T863IB	14	1	  98.0	  17.0
	  FSE/T865	13	1	 113.0	  17.0
	  FSE/T881	11	1	  40.0	  17.0
	  FSE/T883	12	1	  40.0	  17.0
	  FSE/T883	12	1	  40.0	  17.0
	  FSE/T887	3	1	  40.0	  18.0
	  FSE/T887	3	1	  40.0	  18.0
	  FSE/T895	2	1	  30.0	  18.0
	  FSE/T987	1	1	  38.0	  18.0

