	  FSB/T586	30	1	  50.0	   4.0
	  FSB/T633	25	1	 171.0	   4.0
	  FSB/T634	29	1	  55.0	  11.0
	  FSB/T638	22	1	  58.0	   4.0
	  FSB/T641	27	1	  33.0	  11.0
	  FSB/T642	23	1	  58.0	  11.0
	  FSB/T665	23	1	  80.0	   4.0
	  FSB/T690	24	1	  75.0	   4.0
	  FSB/T692	22	1	  75.0	   4.0
	  FSB/T694	21	1	 105.0	   4.0
	  FSB/T696	20	1	 155.0	   4.0
	  FSB/T711	22	1	  73.0	   4.0
	  FSB/T715	23	1	  80.0	   4.0
	  FSB/T735	28	1	  55.0	  11.0
	  FSB/T736	30	1	  75.0	   4.0
	  FSB/T737	26	1	  80.0	   4.0
	  FSB/T741	29	1	  83.0	  11.0
	  FSB/T741	29	1	  83.0	  11.0
	  FSB/T746	24	1	  80.0	   4.0
	  FSB/T756	25	1	  80.0	   4.0
	  FSB/T764	23	1	  88.0	   4.0
	  FSB/T765	24	1	  95.0	   4.0
	  FSB/T840	22	1	 122.0	   4.0
	  FSB/T850	21	1	 152.0	   4.0
	  FSB/T852	20	1	 140.0	   4.0
	  FSB/T857	24	1	  48.0	  11.0
	  FSB/T860	21	1	  75.0	   4.0
	  FSB/T862	20	1	 138.0	   4.0
	  FSB/T957	23	1	  68.0	   4.0
	  FSB/T960	25	1	  75.0	   4.0
	  FSE/T626	16	1	1754.0	   4.0
	  FSE/T631	16	1	2813.0	   4.0
	  FSE/T647	15	1	1010.0	   4.0
	  FSE/T652	17	1	2262.0	   4.0
	  FSE/T666	6	1	2890.0	   4.0
	  FSE/T667	18	1	1283.0	   4.0
	  FSE/T668	3	1	5220.0	   4.0
	  FSE/T670	2	1	3200.0	   4.0
	  FSE/T671	11	1	1110.0	   4.0
	  FSE/T674	4	1	5360.0	   4.0
	  FSE/T676	3	1	3140.0	   4.0
	  FSE/T678	2	1	3200.0	   4.0
	  FSE/T681	14	1	1690.0	   4.0
	  FSE/T682	14	1	1920.0	   4.0
	  FSE/T698	19	1	3480.0	   4.0
	  FSE/T700	18	1	5650.0	   4.0
	  FSE/T747	11	1	5100.0	   4.0
	  FSE/T750	19	1	2750.0	   4.0
	  FSE/T757	10	1	1820.0	   4.0
	  FSE/T762	9	1	3940.0	   4.0
	  FSE/T766	7	1	2340.0	   4.0
	  FSE/T768	4	1	4670.0	   4.0
	  FSE/T770	21	1	5480.0	   4.0
	  FSE/T771	8	1	2095.0	   4.0
	  FSE/T772	20	1	4220.0	   4.0
	  FSE/T776	5	1	2450.0	   4.0
	  FSE/T781	12	1	2152.0	   4.0
	  FSE/T782	17	1	3560.0	   4.0
	  FSE/T783	15	1	1413.0	   4.0
	  FSE/T784	13	1	1730.0	   4.0
	  FSE/T784	13	1	1730.0	   4.0
	  FSE/T786	10	1	3720.0	   4.0
	  FSE/T788	8	1	2200.0	   4.0
	  FSE/T789	7	1	1860.0	   4.0
	  FSE/T789	7	1	1860.0	   4.0
	  FSE/T792	9	1	3840.0	   4.0
	  FSE/T854	19	1	3560.0	   4.0
	FSE/T856IB	18	1	7100.0	   4.0
	  FSE/T864	19	1	3700.0	   4.0
	  FSE/T866	18	1	7200.0	   4.0
	  FSE/T869	3	1	2130.0	   4.0
	  FSE/T872	4	1	3530.0	   4.0
	  FSE/T874	2	1	3200.0	   4.0
	  FSE/T882	15	1	 730.0	   4.0
	  FSE/T882	15	1	 730.0	   4.0
	  FSE/T884	16	1	3360.0	   4.0
	  FSE/T887	6	1	4730.0	   4.0
	  FSE/T887	6	1	4730.0	   4.0
	  FSE/T888	5	1	2170.0	   4.0
	  FSE/T980	16	1	1200.0	   4.0
	  FSE/T982	17	1	3560.0	   4.0
	  FSE/T992	17	1	3530.0	   4.0
	 SYR/TB069	1	1	  65.0	   4.0
	 SYR/TD069	1	1	  65.0	   4.0
	 SYR/TF069	1	1	  65.0	   4.0

