	  FSB/T586	27	1	  50.0	  11.0
	  FSB/T634	26	1	  55.0	  11.0
	  FSB/T638	22	1	  58.0	  11.0
	  FSB/T641	24	1	  33.0	  11.0
	  FSB/T642	23	1	  58.0	  11.0
	  FSB/T694	21	1	 105.0	  11.0
	  FSB/T696	20	1	 155.0	  11.0
	  FSB/T711	22	1	  73.0	  11.0
	  FSB/T715	23	1	  80.0	  11.0
	  FSB/T735	25	1	  55.0	  11.0
	  FSB/T756	25	1	  80.0	  11.0
	  FSB/T765	24	1	  95.0	  11.0
	  FSB/T840	22	1	  30.0	  11.0
	  FSB/T850	21	1	 152.0	  11.0
	  FSB/T852	20	1	 140.0	  11.0
	  FSB/T857	24	1	 130.0	  11.0
	  FSB/T860	21	1	  98.0	  11.0
	  FSB/T862	20	1	 180.0	  11.0
	  FSB/T957	23	1	 130.0	  11.0
	  FSB/T960	25	1	  90.0	  11.0
	  FSE/T631	16	1	 101.0	  17.0
	  FSE/T647	15	1	 101.0	  17.0
	  FSE/T666	6	1	 189.0	  18.0
	  FSE/T668	3	1	 122.0	  18.0
	  FSE/T670	2	1	 120.0	  18.0
	  FSE/T671	11	1	 110.0	  17.0
	  FSE/T674	4	1	 136.0	  18.0
	  FSE/T676	3	1	 114.0	  18.0
	  FSE/T678	2	1	 120.0	  18.0
	  FSE/T681	14	1	 180.0	  17.0
	  FSE/T682	14	1	 192.0	  17.0
	  FSE/T698	19	1	 148.0	  17.0
	  FSE/T700	18	1	 165.0	  17.0
	  FSE/T747	11	1	 110.0	  17.0
	  FSE/T757	10	1	 182.0	  17.0
	  FSE/T762	9	1	 194.0	  17.0
	  FSE/T766	7	1	 134.0	  17.0
	  FSE/T768	4	1	 167.0	  18.0
	  FSE/T771	8	1	 167.0	  17.0
	  FSE/T776	5	1	 145.0	  18.0
	  FSE/T781	12	1	 113.0	  17.0
	  FSE/T782	17	1	 156.0	  17.0
	  FSE/T783	15	1	 186.0	  17.0
	  FSE/T784	13	1	 120.0	  17.0
	  FSE/T784	13	1	 120.0	  17.0
	  FSE/T786	10	1	 172.0	  18.0
	  FSE/T788	8	1	 120.0	  18.0
	  FSE/T789	7	1	 186.0	  18.0
	  FSE/T789	7	1	 186.0	  18.0
	  FSE/T792	9	1	 184.0	  18.0
	  FSE/T854	19	1	 156.0	  17.0
	FSE/T856IB	18	1	 110.0	  17.0
	  FSE/T864	19	1	 105.0	  17.0
	  FSE/T866	18	1	 203.0	  17.0
	  FSE/T869	3	1	  23.0	  18.0
	  FSE/T872	4	1	  30.0	  18.0
	  FSE/T874	2	1	 100.0	  18.0
	  FSE/T882	15	1	  40.0	  17.0
	  FSE/T882	15	1	  40.0	  17.0
	  FSE/T884	16	1	  40.0	  17.0
	  FSE/T887	6	1	  40.0	  18.0
	  FSE/T887	6	1	  40.0	  18.0
	  FSE/T888	5	1	  23.0	  18.0
	  FSE/T980	16	1	 120.0	  17.0
	  FSE/T982	17	1	 156.0	  17.0
	  FSE/T992	17	1	  98.0	  17.0
	 SYR/TB069	1	1	  75.0	  23.0
	 SYR/TD069	1	1	  65.0	  23.0
	 SYR/TF069	1	1	  65.0	  23.0

